#FFFFFF,#000000,#FFD700,#8B0A50,#FF1493
0,0,0,0,0,0,0,0,0,0,0,0,0,1,1,1,1,1,0,0,0,0,0,0,0,0,0,0,0,0,0
0,0,0,0,0,0,0,0,0,0,1,1,1,2,2,2,2,2,1,1,1,0,0,0,0,0,0,0,0,0,0
0,0,0,0,0,0,0,0,1,1,2,2,2,2,2,2,2,2,2,2,2,1,1,0,0,0,0,0,0,0,0
0,0,0,0,0,0,1,1,2,2,2,2,2,2,2,2,2,2,2,2,2,2,2,1,1,0,0,0,0,0,0
0,0,0,0,0,1,2,2,2,2,2,2,2,2,2,2,2,2,2,2,2,2,2,2,2,1,0,0,0,0,0
0,0,0,0,1,2,2,2,2,2,2,2,2,2,2,2,2,2,2,2,2,2,2,2,2,2,1,0,0,0,0
0,0,0,1,2,2,2,1,1,1,1,2,2,2,2,2,2,2,2,1,1,1,1,1,2,2,2,1,0,0,0
0,0,0,1,2,2,1,1,1,1,0,1,2,2,2,2,2,2,1,1,1,1,0,0,1,2,2,1,0,0,0
0,0,1,2,2,1,1,1,1,1,0,0,1,2,2,2,2,1,1,1,1,1,0,0,0,1,2,2,1,0,0
0,0,1,2,2,1,1,1,1,1,0,0,1,2,2,2,2,1,1,1,1,1,0,0,0,1,2,2,1,0,0
0,1,2,2,2,1,1,1,1,0,0,0,1,2,2,2,2,1,1,1,1,0,0,0,0,1,2,2,2,1,0
0,1,2,2,1,0,0,0,0,0,0,0,0,1,2,2,1,0,0,0,0,0,0,0,0,0,1,2,2,1,0
0,1,2,2,1,0,0,0,0,0,0,0,0,1,2,2,1,0,0,0,0,0,0,0,0,0,1,2,2,1,0
1,2,2,2,1,0,0,0,0,0,0,0,0,1,2,2,1,0,0,0,0,0,0,0,0,0,1,2,2,2,1
1,2,2,2,1,1,1,1,1,1,1,1,1,1,2,2,1,1,1,1,1,1,1,1,1,1,1,2,2,2,1
1,2,2,2,2,2,2,2,2,2,2,2,2,2,2,2,2,2,2,2,2,2,2,2,2,2,2,2,2,2,1
1,2,2,2,2,2,2,2,2,2,2,2,2,2,2,2,2,2,2,2,2,2,2,2,2,2,2,2,2,2,1
1,2,2,2,2,2,2,2,2,2,2,2,2,2,2,2,2,2,2,2,2,2,2,2,2,2,2,2,2,2,1
0,1,2,2,1,1,1,1,1,1,1,1,1,1,1,1,1,1,1,1,1,1,1,1,1,1,1,2,2,1,0
0,1,2,2,1,3,3,3,3,3,3,3,3,3,3,3,3,3,3,3,3,3,3,3,3,3,1,2,2,1,0
0,1,2,2,1,3,3,3,3,3,3,3,3,3,3,3,3,3,3,3,3,3,3,3,3,3,1,2,2,1,0
0,0,1,2,2,1,3,3,3,3,3,3,3,3,3,3,3,3,3,3,3,3,3,3,3,1,2,2,1,0,0
0,0,1,2,2,1,3,3,3,3,3,3,3,3,3,3,3,4,4,4,4,3,3,3,3,1,2,2,1,0,0
0,0,0,1,2,2,1,3,3,3,3,3,3,3,3,3,4,4,4,4,4,4,3,3,1,2,2,1,0,0,0
0,0,0,1,2,2,2,1,3,3,3,3,3,3,3,4,4,4,4,4,4,4,4,1,2,2,2,1,0,0,0
0,0,0,0,1,2,2,2,1,1,3,3,3,3,4,4,4,4,4,4,4,1,1,2,2,2,1,0,0,0,0
0,0,0,0,0,1,2,2,2,2,1,1,1,3,4,4,4,4,1,1,1,2,2,2,2,1,0,0,0,0,0
0,0,0,0,0,0,1,1,2,2,2,2,2,1,1,1,1,1,2,2,2,2,2,1,1,0,0,0,0,0,0
0,0,0,0,0,0,0,0,1,1,2,2,2,2,2,2,2,2,2,2,2,1,1,0,0,0,0,0,0,0,0
0,0,0,0,0,0,0,0,0,0,1,1,1,2,2,2,2,2,1,1,1,0,0,0,0,0,0,0,0,0,0
0,0,0,0,0,0,0,0,0,0,0,0,0,1,1,1,1,1,0,0,0,0,0,0,0,0,0,0,0,0,0